1 968
2 2012.96712329
3 4415.88926941
4 2238.98356164
5 1698.91666667
6 1600.99178082
7 6427.73196347
8 1591.72922374
9 1262.16666667
10 1938.89200913
11 14351.5296804
12 2801.82511416
13 9581.04497717
14 2024.98630137
15 3880.82237443
16 13339.7303653
17 3328.46164384
18 3472.81689498
19 956.994520548
20 1023.97534247
21 2392.99452055
22 2285.92876712
23 1390.75
24 2846.5696347
25 199.97260274
26 2767.98082192
27 4040.35639269
28 885
29 1987.79885845
30 2714.99178082
31 1335
32 8043.00068493
33 3433.46986301
34 2426.93150685
35 1116.89589041
36 4647.81415525
37 3167.91666667
38 1260.97260274
39 4297.65570776
40 3228.9890411
41 1342.58333333
42 1755
43 368
44 2060.50936073
45 3122.9369863
46 1776.33013699
47 2858.65844749
48 243
49 1092
50 7109.35639269
51 2420.26484018
52 1877.99726027
53 2379.74178082
54 2011.90410959
55 1619.23082192
56 1514.83333333
57 2219.89589041
58 14725.8312785
59 1714.57785388
60 903.63652968
61 4289.41506849
62 1424.60639269
63 2461.93150685
64 2566.79611872
65 31263.8742009
68 3425.97260274
69 2633.69634703
70 2535.93972603
71 2074.97808219
72 3781.89474886
73 7716.21004566
74 5224.35639269
75 2300
76 2725.87283105
77 4707.06689498
78 718
79 2008.91392694
80 2890.15844749
81 3185.96712329
